-3.275881e-06
-3.250525e-06
-3.225170e-06
-3.199815e-06
-3.174460e-06
-3.149105e-06
-3.123750e-06
-3.098395e-06
-3.073040e-06
-3.047685e-06
-3.022329e-06
-2.996974e-06
-2.971619e-06
-2.946264e-06
-2.920909e-06
-2.895554e-06
-2.870199e-06
-2.844844e-06
-2.819489e-06
-2.794133e-06
-2.768778e-06
-2.753565e-06
-2.738352e-06
-2.723139e-06
-2.707926e-06
-2.692713e-06
-2.677500e-06
-2.662287e-06
-2.647074e-06
-2.631861e-06
-2.616648e-06
-2.601435e-06
-2.586221e-06
-2.571008e-06
-2.555795e-06
-2.540582e-06
-2.525369e-06
-2.510156e-06
-2.494943e-06
-2.479730e-06
-2.464517e-06
-2.449304e-06
-2.434091e-06
-2.418878e-06
-2.403665e-06
-2.388452e-06
-2.367322e-06
-2.346193e-06
-2.325064e-06
-2.303935e-06
-2.282805e-06
-2.261676e-06
-2.240547e-06
-2.219418e-06
-2.198288e-06
-2.177159e-06
-2.156030e-06
-2.134900e-06
-2.113771e-06
-2.092642e-06
-2.071513e-06
-2.050383e-06
-2.029254e-06
-2.008125e-06
-2.002088e-06
-1.996051e-06
-1.990014e-06
-1.983977e-06
-1.977940e-06
-1.971903e-06
-1.965866e-06
-1.959829e-06
-1.953793e-06
-1.947756e-06
-1.941719e-06
-1.935682e-06
-1.929645e-06
-1.923608e-06
-1.917571e-06
-1.911534e-06
-1.905497e-06
-1.899460e-06
-1.893423e-06
-1.887386e-06
-1.881349e-06
-1.861845e-06
-1.842341e-06
-1.822838e-06
-1.803334e-06
-1.783830e-06
-1.764326e-06
-1.744822e-06
-1.725318e-06
-1.705814e-06
-1.686310e-06
-1.666806e-06
-1.647302e-06
-1.627798e-06
-1.608294e-06
-1.588790e-06
-1.569286e-06
-1.549782e-06
-1.530279e-06
-1.510775e-06
-1.491271e-06
-1.471767e-06
-1.452263e-06
-1.432759e-06
-1.413255e-06
-1.393751e-06
-1.374247e-06
-1.354743e-06
-1.335239e-06
-1.315735e-06
-1.296231e-06
-1.276727e-06
-1.257224e-06
-1.237720e-06
-1.218216e-06
-1.198712e-06
-1.179208e-06
-1.159704e-06
-1.140200e-06
-1.120696e-06
-1.099567e-06
-1.078437e-06
-1.057308e-06
-1.036179e-06
-1.015050e-06
-9.939204e-07
-9.727911e-07
-9.516619e-07
-9.305326e-07
-9.094034e-07
-8.882741e-07
-8.671448e-07
-8.460156e-07
-8.248863e-07
-8.037571e-07
-7.826278e-07
-7.614985e-07
-7.403693e-07
-7.192400e-07
-6.981108e-07
-6.769815e-07
-6.558522e-07
-6.347230e-07
-6.135937e-07
-5.773721e-07
-5.411505e-07
-5.049290e-07
-4.687074e-07
-4.324858e-07
-3.962642e-07
-3.600426e-07
-3.238210e-07
-2.875994e-07
-2.513778e-07
-2.151562e-07
-1.789347e-07
-1.427131e-07
-1.064915e-07
-6.845880e-08
-3.042614e-08
7.606534e-09
4.563920e-08
8.367187e-08
1.217045e-07
1.597372e-07
1.977699e-07
2.358025e-07
2.738352e-07
3.138696e-07
3.539040e-07
3.939384e-07
4.339728e-07
4.740072e-07
5.140415e-07
5.540759e-07
5.941103e-07
6.341447e-07
6.741791e-07
7.142135e-07
7.542479e-07
7.942823e-07
8.343166e-07
8.743510e-07
9.143854e-07
9.544198e-07
9.944542e-07
1.034489e-06
1.060900e-06
1.087312e-06
1.113723e-06
1.140135e-06
1.166546e-06
1.192958e-06
1.219370e-06
1.245781e-06
1.272193e-06
1.298604e-06
1.325016e-06
1.351427e-06
1.377839e-06
1.404251e-06
1.430662e-06
1.457074e-06
1.483485e-06
1.509897e-06
1.536309e-06
1.562720e-06
1.589132e-06
1.615543e-06
1.641955e-06
1.668366e-06
1.685853e-06
1.703339e-06
1.720825e-06
1.738312e-06
1.755798e-06
1.773284e-06
1.790770e-06
1.808257e-06
1.825743e-06
1.843229e-06
1.860716e-06
1.878202e-06
1.895688e-06
1.913174e-06
1.930661e-06
1.948147e-06
1.965633e-06
1.983120e-06
2.000606e-06
2.018092e-06
2.035578e-06
2.053065e-06
2.070551e-06
2.088037e-06
2.105524e-06
2.123010e-06
2.140496e-06
2.157982e-06
2.175469e-06
2.192955e-06
2.210441e-06
2.227928e-06
2.245414e-06
2.262900e-06
2.280386e-06
2.297873e-06
2.315359e-06
2.332845e-06
2.350331e-06
2.367818e-06
2.385304e-06
2.402790e-06
2.420277e-06
2.437763e-06
2.455249e-06
2.472735e-06
2.490222e-06
2.507708e-06
2.525194e-06
2.542681e-06
2.560167e-06
2.577653e-06
2.595139e-06
2.612626e-06
2.630112e-06
2.647598e-06
2.665085e-06
2.682571e-06
2.694096e-06
2.705621e-06
2.717146e-06
2.728671e-06
2.740196e-06
2.751721e-06
2.763246e-06
2.774771e-06
2.786296e-06
2.797821e-06
2.809346e-06
2.820872e-06
2.832397e-06
2.843922e-06
2.855447e-06
2.866972e-06
2.878497e-06
2.890022e-06
2.901547e-06
2.913072e-06
2.924597e-06
2.936122e-06
2.940998e-06
2.945874e-06
2.950750e-06
2.955626e-06
2.960502e-06
2.965378e-06
2.970254e-06
2.975130e-06
2.980006e-06
2.984882e-06
2.989758e-06
2.994634e-06
2.999510e-06
3.004386e-06
3.009262e-06
3.014138e-06
3.019014e-06
3.023890e-06
3.028766e-06
3.033642e-06
3.038518e-06
3.043394e-06
3.048270e-06
3.053146e-06
3.058022e-06
3.062898e-06
3.073462e-06
3.084027e-06
3.094591e-06
3.105156e-06
3.115721e-06
3.126285e-06
3.136850e-06
3.147415e-06
3.157979e-06
3.168544e-06
3.179109e-06
3.189673e-06
3.200238e-06
3.210802e-06
3.221367e-06
3.231932e-06
3.242496e-06
3.253061e-06
3.263626e-06
3.274190e-06
3.284755e-06
3.295319e-06
3.305884e-06
3.316449e-06
3.288276e-06
3.260104e-06
3.231932e-06
3.203759e-06
3.175587e-06
3.147415e-06
3.119242e-06
3.091070e-06
3.062898e-06
3.034725e-06
3.006553e-06
2.978381e-06
2.950208e-06
2.922036e-06
2.893864e-06
2.865691e-06
2.837519e-06
2.809346e-06
2.775984e-06
2.742622e-06
2.709260e-06
2.675899e-06
2.642537e-06
2.609175e-06
2.575813e-06
2.542451e-06
2.509089e-06
2.475727e-06
2.442365e-06
2.409003e-06
2.375641e-06
2.342279e-06
2.308917e-06
2.275555e-06
2.242193e-06
2.208831e-06
2.175469e-06
2.134453e-06
2.093437e-06
2.052422e-06
2.011406e-06
1.970391e-06
1.929375e-06
1.888359e-06
1.847344e-06
1.806328e-06
1.765312e-06
1.724297e-06
1.683281e-06
1.642266e-06
1.601250e-06
1.560234e-06
1.519219e-06
1.478203e-06
1.437187e-06
1.396172e-06
1.355156e-06
1.314141e-06
1.273125e-06
1.232109e-06
1.191094e-06
1.150078e-06
1.109062e-06
1.068047e-06
1.027031e-06
9.860156e-07
9.450000e-07
9.039843e-07
8.629687e-07
8.219531e-07
7.809375e-07
7.439613e-07
7.069851e-07
6.700088e-07
6.330326e-07
5.960564e-07
5.590802e-07
5.221040e-07
4.851278e-07
4.481516e-07
4.111754e-07
3.741992e-07
3.372230e-07
3.002468e-07
2.632706e-07
2.262944e-07
1.893182e-07
1.523420e-07
1.153658e-07
7.838956e-08
4.141335e-08
4.437145e-09
-3.253906e-08
-6.951527e-08
-1.064915e-07
-1.318466e-07
-1.572017e-07
-1.825568e-07
-2.079119e-07
-2.332670e-07
-2.586221e-07
-2.839773e-07
-3.093324e-07
-3.346875e-07
-3.600426e-07
-3.853977e-07
-4.107528e-07
-4.361079e-07
-4.614630e-07
-4.868182e-07
-5.121733e-07
-5.375284e-07
-5.628835e-07
-5.882386e-07
-6.135937e-07
-6.434233e-07
-6.732528e-07
-7.030824e-07
-7.329119e-07
-7.627414e-07
-7.925710e-07
-8.224005e-07
-8.522301e-07
-8.820596e-07
-9.118892e-07
-9.417187e-07
-9.715483e-07
-1.001378e-06
-1.031207e-06
-1.061037e-06
-1.090866e-06
-1.120696e-06
-1.150526e-06
-1.180355e-06
-1.210185e-06
-1.240014e-06
-1.269844e-06
-1.299673e-06
-1.329503e-06
-1.359332e-06
-1.389162e-06
-1.418991e-06
-1.448821e-06
-1.478651e-06
-1.508480e-06
-1.538310e-06
-1.568139e-06
-1.597969e-06
-1.627798e-06
-1.627798e-06
-1.627798e-06
-1.627798e-06
-1.627798e-06
-1.627798e-06
-1.627798e-06
-1.627798e-06
-1.627798e-06
-1.627798e-06
-1.627798e-06
-1.654964e-06
-1.682131e-06
-1.709297e-06
-1.736463e-06
-1.763629e-06
-1.790795e-06
-1.817962e-06
-1.845128e-06
-1.872294e-06
-1.899460e-06
-1.926626e-06
-1.953793e-06
-1.980959e-06
-2.008125e-06
-2.048159e-06
-2.088194e-06
-2.128228e-06
-2.168262e-06
-2.208297e-06
-2.248331e-06
-2.288366e-06
-2.328400e-06
-2.368434e-06
-2.408469e-06
-2.448503e-06
-2.488538e-06
-2.528572e-06
-2.568606e-06
-2.608641e-06
-2.648675e-06
-2.688710e-06
-2.728744e-06
-2.768778e-06
-2.774231e-06
-2.779684e-06
-2.785136e-06
-2.790589e-06
-2.796042e-06
-2.801495e-06
-2.806947e-06
-2.812400e-06
-2.817853e-06
-2.823305e-06
-2.828758e-06
-2.834211e-06
-2.839664e-06
-2.845116e-06
-2.850569e-06
-2.856022e-06
-2.861474e-06
-2.866927e-06
-2.872380e-06
-2.877833e-06
-2.883285e-06
-2.888738e-06
-2.894191e-06
-2.899643e-06
-2.905096e-06
-2.910549e-06
-2.916002e-06
-2.921454e-06
-2.926907e-06
-2.932360e-06
-2.937812e-06
-2.943265e-06
-2.948718e-06
-2.954171e-06
-2.959623e-06
-2.965076e-06
-2.970529e-06
-2.975981e-06
-2.981434e-06
-2.986887e-06
-2.992339e-06
-2.997792e-06
-3.003245e-06
-3.008698e-06
-3.014150e-06
-3.019603e-06
-3.025056e-06
-3.030508e-06
-3.035961e-06
-3.041414e-06
-3.046867e-06
-3.052319e-06
-3.057772e-06
-3.063225e-06
-3.068677e-06
-3.074130e-06
-3.079583e-06
-3.085036e-06
-3.090488e-06
-3.095941e-06
-3.101394e-06
-3.106846e-06
-3.112299e-06
-3.117752e-06
-3.123205e-06
-3.128657e-06
-3.134110e-06
-3.139563e-06
-3.145015e-06
-3.150468e-06
-3.155921e-06
-3.161374e-06
-3.166826e-06
-3.172279e-06
-3.177732e-06
-3.183184e-06
-3.188637e-06
-3.194090e-06
-3.199543e-06
-3.204995e-06
-3.210448e-06
-3.215901e-06
-3.221353e-06
-3.226806e-06
-3.232259e-06
-3.237712e-06
-3.243164e-06
-3.248617e-06
-3.254070e-06
-3.259522e-06
-3.264975e-06
-3.270428e-06
