1.179966e-06
1.148132e-06
1.116299e-06
1.084465e-06
1.052632e-06
1.020798e-06
9.889643e-07
9.571307e-07
9.252971e-07
8.934635e-07
8.616299e-07
8.297963e-07
7.979626e-07
7.661290e-07
7.342954e-07
7.024618e-07
6.706282e-07
6.387946e-07
6.069610e-07
5.751273e-07
5.432937e-07
5.050934e-07
4.668930e-07
4.286927e-07
3.904924e-07
3.522920e-07
3.140917e-07
2.758913e-07
2.376910e-07
1.994907e-07
1.612903e-07
1.230900e-07
8.488964e-08
4.668930e-08
8.488964e-09
-2.971138e-08
-6.791171e-08
-1.061121e-07
-1.443124e-07
-1.825127e-07
-2.207131e-07
-2.589134e-07
-2.971138e-07
-3.353141e-07
-3.735144e-07
-4.117148e-07
-4.470855e-07
-4.824561e-07
-5.178268e-07
-5.531975e-07
-5.885682e-07
-6.239389e-07
-6.593096e-07
-6.946802e-07
-7.300509e-07
-7.654216e-07
-8.007923e-07
-8.361630e-07
-8.715337e-07
-9.069044e-07
-9.422750e-07
-9.776457e-07
-1.013016e-06
-1.048387e-06
-1.088811e-06
-1.129234e-06
-1.169658e-06
-1.210082e-06
-1.250505e-06
-1.290929e-06
-1.331353e-06
-1.371776e-06
-1.412200e-06
-1.452623e-06
-1.493047e-06
-1.533471e-06
-1.573894e-06
-1.614318e-06
-1.654742e-06
-1.695165e-06
-1.735589e-06
-1.776013e-06
-1.816436e-06
-1.856860e-06
-1.897284e-06
-1.932654e-06
-1.968025e-06
-2.003396e-06
-2.038766e-06
-2.074137e-06
-2.109508e-06
-2.144878e-06
-2.180249e-06
-2.215620e-06
-2.250990e-06
-2.286361e-06
-2.321732e-06
-2.357102e-06
-2.392473e-06
-2.427844e-06
-2.463214e-06
-2.498585e-06
-2.533956e-06
-2.569327e-06
-2.604697e-06
-2.640068e-06
-2.675439e-06
-2.710809e-06
-2.746180e-06
-2.781551e-06
-2.816921e-06
-2.852292e-06
-2.887663e-06
-2.923033e-06
-2.958404e-06
-2.993775e-06
-3.029145e-06
-3.064516e-06
-3.099887e-06
-3.135257e-06
-3.170628e-06
-3.205999e-06
-3.241370e-06
-3.276740e-06
-3.312111e-06
-3.347482e-06
-3.382852e-06
-3.418223e-06
-3.453594e-06
-3.488964e-06
-3.524335e-06
-3.559706e-06
-3.595076e-06
-3.630447e-06
-3.665818e-06
-3.701188e-06
-3.736559e-06
-3.771930e-06
-3.807301e-06
-3.842671e-06
-3.878042e-06
-3.913413e-06
-3.948783e-06
-3.984154e-06
-4.019525e-06
-4.054895e-06
-4.090266e-06
-4.125637e-06
-4.148375e-06
-4.171113e-06
-4.193852e-06
-4.216590e-06
-4.239328e-06
-4.262066e-06
-4.284805e-06
-4.307543e-06
-4.330281e-06
-4.353020e-06
-4.375758e-06
-4.398496e-06
-4.421235e-06
-4.443973e-06
-4.465195e-06
-4.486418e-06
-4.507640e-06
-4.528862e-06
-4.550085e-06
-4.571307e-06
-4.592530e-06
-4.613752e-06
-4.634975e-06
-4.656197e-06
-4.650612e-06
-4.645027e-06
-4.639442e-06
-4.633858e-06
-4.628273e-06
-4.622688e-06
-4.617103e-06
-4.611518e-06
-4.605933e-06
-4.600348e-06
-4.594764e-06
-4.589179e-06
-4.583594e-06
-4.578009e-06
-4.572424e-06
-4.566839e-06
-4.561255e-06
-4.555670e-06
-4.550085e-06
-4.519136e-06
-4.488186e-06
-4.457237e-06
-4.426287e-06
-4.395338e-06
-4.364389e-06
-4.333439e-06
-4.302490e-06
-4.271541e-06
-4.240591e-06
-4.209642e-06
-4.178693e-06
-4.147743e-06
-4.116794e-06
-4.085845e-06
-4.054895e-06
-4.023946e-06
-3.992997e-06
-3.962047e-06
-3.931098e-06
-3.900149e-06
-3.869199e-06
-3.838250e-06
-3.807301e-06
-3.770710e-06
-3.734120e-06
-3.697529e-06
-3.660939e-06
-3.624349e-06
-3.587758e-06
-3.551168e-06
-3.514578e-06
-3.477987e-06
-3.441397e-06
-3.404807e-06
-3.368216e-06
-3.331626e-06
-3.295035e-06
-3.258445e-06
-3.221855e-06
-3.185264e-06
-3.148674e-06
-3.112084e-06
-3.075493e-06
-3.038903e-06
-3.002313e-06
-2.965722e-06
-2.929132e-06
-2.892541e-06
-2.855951e-06
-2.819361e-06
-2.782770e-06
-2.746180e-06
-2.709590e-06
-2.672999e-06
-2.636409e-06
-2.599819e-06
-2.563228e-06
-2.526638e-06
-2.490047e-06
-2.453457e-06
-2.416867e-06
-2.380276e-06
-2.343686e-06
-2.307096e-06
-2.270505e-06
-2.233915e-06
-2.197325e-06
-2.160734e-06
-2.124144e-06
-2.087553e-06
-2.050963e-06
-2.014373e-06
-1.977782e-06
-1.941192e-06
-1.904602e-06
-1.868011e-06
-1.831421e-06
-1.794831e-06
-1.758240e-06
-1.721650e-06
-1.685059e-06
-1.646473e-06
-1.607887e-06
-1.569301e-06
-1.530715e-06
-1.492128e-06
-1.453542e-06
-1.414956e-06
-1.376370e-06
-1.337784e-06
-1.299197e-06
-1.260611e-06
-1.222025e-06
-1.183439e-06
-1.144853e-06
-1.106266e-06
-1.067680e-06
-1.029094e-06
-9.905078e-07
-9.519216e-07
-9.133354e-07
-8.747492e-07
-8.361630e-07
-7.953507e-07
-7.545383e-07
-7.137260e-07
-6.729137e-07
-6.321013e-07
-5.912890e-07
-5.504767e-07
-5.096644e-07
-4.688520e-07
-4.280397e-07
-3.872274e-07
-3.464150e-07
-3.056027e-07
-2.647904e-07
-2.239781e-07
-1.831657e-07
-1.423534e-07
-1.015411e-07
-6.072874e-08
-1.991642e-08
2.089591e-08
6.170824e-08
1.025206e-07
1.433329e-07
1.841452e-07
2.249576e-07
2.647496e-07
3.045416e-07
3.443336e-07
3.841256e-07
4.239177e-07
4.637097e-07
5.035017e-07
5.432937e-07
5.830857e-07
6.228778e-07
6.626698e-07
7.024618e-07
7.422538e-07
7.820458e-07
8.218379e-07
8.616299e-07
9.014219e-07
9.412139e-07
9.810059e-07
1.020798e-06
1.060590e-06
1.100382e-06
1.140174e-06
1.179966e-06
1.209442e-06
1.238917e-06
1.268393e-06
1.297868e-06
1.327344e-06
1.356819e-06
1.386295e-06
1.415771e-06
1.445246e-06
1.474722e-06
1.504197e-06
1.533673e-06
1.563148e-06
1.592624e-06
1.622100e-06
1.651575e-06
1.681051e-06
1.710526e-06
1.732866e-06
1.755205e-06
1.777544e-06
1.799884e-06
1.822223e-06
1.844563e-06
1.866902e-06
1.889241e-06
1.911581e-06
1.933920e-06
1.956259e-06
1.978599e-06
2.000938e-06
2.023278e-06
2.045617e-06
2.067956e-06
2.090296e-06
2.112635e-06
2.134975e-06
2.134975e-06
2.134975e-06
2.134975e-06
2.134975e-06
2.134975e-06
2.134975e-06
2.134975e-06
2.134975e-06
2.134975e-06
2.134975e-06
2.134975e-06
2.134975e-06
2.134975e-06
2.134975e-06
2.134975e-06
2.134975e-06
2.134975e-06
2.134975e-06
2.134975e-06
2.134975e-06
2.134975e-06
2.134975e-06
2.134975e-06
2.134975e-06
2.134975e-06
2.134975e-06
2.134975e-06
2.134975e-06
2.134975e-06
2.134975e-06
2.134975e-06
2.134975e-06
2.134975e-06
2.134975e-06
2.152660e-06
2.170345e-06
2.188031e-06
2.205716e-06
2.223401e-06
2.241087e-06
2.258772e-06
2.276457e-06
2.294143e-06
2.311828e-06
2.329513e-06
2.347199e-06
2.364884e-06
2.382569e-06
2.400255e-06
2.417940e-06
2.435625e-06
2.453311e-06
2.470996e-06
2.488681e-06
2.506367e-06
2.524052e-06
2.541737e-06
2.559423e-06
2.591256e-06
2.623090e-06
2.654924e-06
2.686757e-06
2.718591e-06
2.750424e-06
2.782258e-06
2.814092e-06
2.845925e-06
2.877759e-06
2.909593e-06
2.941426e-06
2.973260e-06
3.005093e-06
3.036927e-06
3.068761e-06
3.100594e-06
3.132428e-06
3.164261e-06
3.196095e-06
3.224184e-06
3.252272e-06
3.280361e-06
3.308449e-06
3.336538e-06
3.364626e-06
3.392714e-06
3.420803e-06
3.448891e-06
3.476980e-06
3.505068e-06
3.533157e-06
3.561245e-06
3.589334e-06
3.617422e-06
3.645511e-06
3.673599e-06
3.701688e-06
3.729776e-06
3.757865e-06
3.785953e-06
3.814042e-06
3.842130e-06
3.870219e-06
3.898307e-06
3.926396e-06
3.954484e-06
3.982573e-06
4.010661e-06
4.038750e-06
4.066838e-06
4.094927e-06
4.123015e-06
4.151104e-06
4.193548e-06
4.235993e-06
4.278438e-06
4.320883e-06
4.363328e-06
4.405772e-06
4.448217e-06
4.490662e-06
4.533107e-06
4.575552e-06
4.605870e-06
4.636187e-06
4.666505e-06
4.696823e-06
4.727140e-06
4.757458e-06
4.787776e-06
4.818094e-06
4.848411e-06
4.878729e-06
4.909047e-06
4.939365e-06
4.969682e-06
5.000000e-06
4.994415e-06
4.988830e-06
4.983245e-06
4.977661e-06
4.972076e-06
4.966491e-06
4.960906e-06
4.955321e-06
4.949736e-06
4.944152e-06
4.938567e-06
4.932982e-06
4.927397e-06
4.921812e-06
4.916227e-06
4.910642e-06
4.905058e-06
4.899473e-06
4.893888e-06
4.853953e-06
4.814019e-06
4.774084e-06
4.734149e-06
4.694215e-06
4.654280e-06
4.614345e-06
4.574411e-06
4.534476e-06
4.494542e-06
4.454607e-06
4.414672e-06
4.374738e-06
4.334803e-06
4.294868e-06
4.254934e-06
4.214999e-06
4.175064e-06
4.135130e-06
4.095195e-06
4.055260e-06
4.015326e-06
3.975391e-06
3.935456e-06
3.895522e-06
3.855587e-06
3.815653e-06
3.775718e-06
3.735783e-06
3.695849e-06
3.655914e-06
3.615979e-06
3.576045e-06
3.536110e-06
3.496175e-06
3.456241e-06
3.416306e-06
3.376371e-06
3.336437e-06
3.296502e-06
3.256568e-06
3.216633e-06
3.176698e-06
3.136764e-06
3.096829e-06
3.056894e-06
3.016960e-06
2.977025e-06
2.937090e-06
2.897156e-06
2.857221e-06
2.817286e-06
2.777352e-06
2.737417e-06
2.697483e-06
2.657548e-06
2.617613e-06
2.577679e-06
2.537744e-06
2.497809e-06
2.457875e-06
2.417940e-06
2.378005e-06
2.338071e-06
2.298136e-06
2.258201e-06
2.218267e-06
2.178332e-06
2.138398e-06
2.098463e-06
2.058528e-06
2.018594e-06
1.978659e-06
1.938724e-06
1.898790e-06
1.858855e-06
1.818920e-06
1.778986e-06
1.739051e-06
1.699116e-06
1.659182e-06
1.619247e-06
1.579312e-06
1.539378e-06
1.499443e-06
1.459509e-06
1.419574e-06
1.379639e-06
1.339705e-06
1.299770e-06
1.259835e-06
1.219901e-06
